% # columns="iteration, evaluation, sigma, axis ratio, bestever, best, median, worst objective function value, further objective values of best", seed=770148, Mon Jun 17 23:43:19 2024, <python>{}</python>
1 4 0.09946109295964559 1.000049943577012 -16.723076923076942 -1.6723076923076942e+01 -7.161111111111145 -6.578523489932923   
2 8 0.09894454394845643 1.000049943577012 -16.723076923076942 -1.3289932885906078e+01 -2.498412698412727 -1.461807580174951   
3 12 0.0984474021860063 1.000049943577012 -16.723076923076942 -4.3772594752186933e+00 -2.8293159609120835 -2.661736334405174   
4 16 0.09796650886134216 1.000049943577012 -16.723076923076942 -4.9515151515151885e+00 -2.3786163522012873 -1.3273775216138568   
5 20 0.09749956701353697 1.000049943577012 -16.723076923076942 -1.3528813559322069e+01 -5.125670498084327 -3.737282229965191   
6 24 0.09704836091654492 1.000049943577012 -16.723076923076942 -6.4112956810631587e+00 -1.7402985074627133 -1.6694362017804405   
7 28 0.09660890393204 1.000049943577012 -16.723076923076942 -9.0307692307692662e+00 -4.188489208633129 -3.451877133105836   
8 32 0.09617901752811242 1.000049943577012 -16.723076923076942 -7.2216027874564812e+00 -2.7032258064516426 -2.661736334405174   
9 36 0.09576111274660616 1.000049943577012 -20.30847457627113 -2.0308474576271131e+01 -2.498412698412727 0.6458598726114474   
10 40 0.09535379349172836 1.000049943577012 -20.30847457627113 -4.4520146520146877e+00 -3.22281879194634 -1.6343195266272446   
11 44 0.0949540678057706 1.000049943577012 -20.30847457627113 -1.0208163265306155e+01 -3.5931034482758952 -3.0450331125828134   
12 48 0.09456087718572796 1.000049943577012 -20.30847457627113 -7.0413793103448619e+00 -3.7860139860140216 -2.1456790123457066   
13 52 0.09417347619725759 1.000049943577012 -20.30847457627113 -9.5628458498024074e+00 -3.9843971631206023 -2.8293159609120835   
14 56 0.09379426278497961 1.000049943577012 -20.30847457627113 -1.2876923076923109e+01 -8.847619047619082 -2.2223602484472336   
15 60 0.09342427230930941 1.000049943577012 -20.30847457627113 -8.4567164179104850e+00 -3.1779264214047145 -2.8293159609120835   
16 64 0.09306138237886195 1.000049943577012 -20.30847457627113 -8.0481751824817884e+00 -5.572870662460604 -3.0450331125828134   
17 68 0.09270467882334174 1.000049943577012 -20.30847457627113 -6.1934426229508563e+00 -5.184615384615421 -4.9515151515151885   
18 72 0.0923579566385108 1.000049943577012 -20.30847457627113 -8.2615384615384979e+00 -4.085714285714323 -2.458227848101295   
19 76 0.09201679700572724 1.000049943577012 -20.30847457627113 -7.4056338028169382e+00 -3.545704467353985 -2.3786163522012873   
20 80 0.09168051678871311 1.000049943577012 -20.30847457627113 -1.0720502092050241e+01 -5.376323987538976 -3.3593220338983376   
21 84 0.09135032276868722 1.000049943577012 -20.30847457627113 -6.5785234899329232e+00 -3.545704467353985 -2.1839009287925983   
22 88 0.09102696764263572 1.000049943577012 -20.30847457627113 -1.1858823529411799e+01 -4.636795252225555 -3.5931034482758952   
23 92 0.09070842276904924 1.000049943577012 -20.30847457627113 -1.0779020979021016e+01 -2.871895424836632 -2.339184952978085   
24 96 0.09039665417555086 1.000049943577012 -20.30847457627113 -8.3185185185185553e+00 -6.301650165016538 -3.451877133105836   
25 100 0.09008972752460692 1.000049943577012 -20.30847457627113 -8.0481751824817884e+00 -3.313513513513547 -0.36338028169016245   
26 104 0.08978812515357915 1.000049943577012 -20.30847457627113 -6.4112956810631587e+00 -3.5931034482758935 -0.32631578947370377   
27 108 0.08949093317005334 1.000049943577012 -20.30847457627113 -7.1611111111111470e+00 -3.5931034482758952 -3.451877133105838   
28 112 0.08919667613839613 1.000049943577012 -20.30847457627113 -1.1471826625387035e+01 -6.749152542372917 -0.7489051094890725   
29 116 0.08890735009619158 1.000049943577012 -20.30847457627113 -7.4678445229682335e+00 -3.133333333333366 -2.069938650306776   
30 120 0.08862124548825973 1.000049943577012 -20.30847457627113 -1.6619923371647442e+01 -7.041379310344864 -4.669888475836467   
31 124 0.08833917826035632 1.000049943577012 -20.30847457627113 -1.0461157024793422e+01 -7.161111111111147 -2.8718954248366337   
32 128 0.08806337931996584 1.000049943577012 -20.30847457627113 -1.0002020202020239e+01 -5.774440894568727 -3.313513513513547   
33 132 0.08779211643666886 1.000049943577012 -20.30847457627113 -1.0561245674740517e+01 -5.723566878980929 -2.7449838187702578   
34 136 0.08752458682565313 1.000049943577012 -20.30847457627113 -1.2966023166023200e+01 -2.9147540983606874 -0.36338028169016245   
35 140 0.08725898237635585 1.000049943577012 -20.30847457627113 -7.5935943060498587e+00 -4.669888475836467 -2.4582278481012967   
36 144 0.08699901298446938 1.000049943577012 -20.30847457627113 -3.5931034482758952e+00 -2.2223602484472336 0.5536977491961246   
37 148 0.08674365888093565 1.000049943577012 -20.30847457627113 -1.2271910112359556e+01 -6.677637130801724 -4.136917562724049   
38 152 0.08649103624000193 1.000049943577012 -20.30847457627113 -4.8375939849624423e+00 -3.7860139860140216 -2.5388535031847437   
39 156 0.08624036335997985 1.000049943577012 -20.30847457627113 -8.4567164179104850e+00 -4.669888475836467 0.06486486486484577   
40 160 0.08599328183436442 1.000049943577012 -20.30847457627113 -1.2601302931596127e+01 -3.3593220338983376 0.23322259136210735   
41 164 0.0857500792953447 1.000049943577012 -23.634586466165388 -2.3634586466165388e+01 -2.620512820512851 -1.9951219512195393   
42 168 0.08551021153238156 1.005359070909525 -23.634586466165388 -9.2805194805195175e+00 -6.923287671232913 -2.3786163522012873   
43 172 0.08527511549095836 1.005359070909525 -23.634586466165388 -8.2501845018450553e+00 -5.125670498084327 -2.7870129870130174   
44 176 0.08504262112136696 1.005359070909525 -23.634586466165388 -8.7873417721519349e+00 -4.614814814814851 -4.614814814814851   
45 180 0.08481409874827103 1.005359070909525 -23.634586466165388 -6.4666666666667005e+00 -2.2610591900311805 -0.6303249097473134   
46 184 0.08458862566800536 1.005359070909525 -23.634586466165388 -8.8839694656488923e+00 -2.661736334405174 -2.458227848101295   
47 188 0.08436836942035264 1.005359070909525 -23.634586466165388 -1.2188059701492572e+01 -5.774440894568725 -1.6343195266272446   
48 192 0.08415234255177159 1.005359070909525 -23.634586466165388 -9.0307692307692662e+00 -4.240433212996425 -2.1456790123457066   
49 196 0.08393777818357405 1.005359070909525 -23.634586466165388 -5.8771704180064663e+00 -4.669888475836467 -3.1779264214047145   
50 200 0.08372651086142516 1.005359070909525 -23.634586466165388 -1.0031213872832408e+01 -3.2680134680135016 -2.9147540983606874   
51 204 0.08351712136716472 1.005359070909525 -23.634586466165388 -9.8668896321070587e+00 -9.179844961240345 -4.815015015015051   
52 208 0.08330946877028497 1.005359070909525 -23.634586466165388 -1.2022222222222259e+01 -4.90574018126892 -2.9147540983606874   
53 212 0.08310505880162465 1.005359070909525 -23.634586466165388 -5.9290322580645505e+00 -4.2927536231884424 -2.498412698412727   
54 216 0.08290175225598959 1.005359070909525 -23.634586466165388 -1.2104832713754684e+01 -5.473981191222606 -2.7449838187702578   
55 220 0.0827002640435641 1.005359070909525 -23.634586466165388 -1.3211371237458231e+01 -6.691891891891929 -5.090519877675877   
56 224 0.08250013231580795 1.005359070909525 -23.634586466165388 -1.4289795918367364e+01 -4.2927536231884424 -3.545704467353985   
57 228 0.08230380530793618 1.005359070909525 -23.634586466165388 -9.8000000000000380e+00 -3.08903654485053 -1.8481927710843644   
58 232 0.08210702422992747 1.005359070909525 -23.634586466165388 -1.6202640264026407e+01 -7.915942028985544 -0.004081632653080508   
59 236 0.08191186901186014 1.005359070909525 -23.634586466165388 -1.0002020202020239e+01 -6.466666666666704 -2.0324159021407002   
60 240 0.08171827622432928 1.005359070909525 -23.634586466165388 -1.1539130434782637e+01 -4.725373134328395 -4.2927536231884424   
61 244 0.08152539410257523 1.005359070909525 -23.634586466165388 -1.1940221402214059e+01 -3.6408304498270248 -2.2610591900311805   
62 248 0.08133428622065206 1.005359070909525 -23.634586466165388 -1.5535294117647050e+01 -7.343859649122843 -5.473981191222606   
63 252 0.08114666785022616 1.005359070909525 -23.634586466165388 -7.9159420289855440e+00 -3.0450331125828134 -2.3000000000000287   
64 256 0.08096147009009488 1.005359070909525 -23.634586466165388 -6.6918918918919292e+00 -4.560147601476052 -3.0450331125828134   
65 260 0.08078081576729758 1.005359070909525 -23.634586466165388 -1.9429629629629559e+01 -4.59289940828406 -4.345454545454581   
66 264 0.0806020811506397 1.005359070909525 -23.634586466165388 -7.2825174825175196e+00 -4.725373134328395 -3.83508771929828   
67 268 0.08042486803171212 1.005359070909525 -23.634586466165388 -9.0307692307692680e+00 -5.825641025641064 -3.545704467353985   
68 272 0.08025134389319415 1.005359070909525 -23.634586466165388 -5.1846153846154213e+00 -2.5795527156549825 -2.1456790123457066   
69 276 0.08008153906256736 1.005359070909525 -23.634586466165388 -1.2356390977443645e+01 -8.9570881226054 -3.405442176870781   
70 280 0.07991448137852754 1.005359070909525 -23.634586466165388 -5.3763239875389761e+00 -3.6408304498270248 -1.776047904191643   
71 284 0.07974832674847837 1.005359070909525 -23.634586466165388 -8.7393939393939792e+00 -2.661736334405174 -2.458227848101295   
72 288 0.07958620591960679 1.005359070909525 -23.634586466165388 -7.7856115107914032e+00 -3.451877133105836 -2.620512820512851   
73 292 0.07942536686212344 1.005359070909525 -23.634586466165388 -3.9342756183745933e+00 -3.313513513513547 -3.133333333333366   
74 296 0.07926396780166474 1.005359070909525 -23.634586466165388 -7.3438596491228427e+00 -2.620512820512851 -2.2610591900311805   
75 300 0.07910568534514079 1.005359070909525 -23.634586466165388 -6.8068027210884701e+00 -2.418296529968483 0.4597402597402426   
76 304 0.07895100756775048 1.005359070909525 -23.634586466165388 -5.8771704180064663e+00 -3.5931034482758935 1.1365558912386555   
77 308 0.07879670176701721 1.005359070909525 -23.634586466165388 -1.0347945205479489e+01 -3.313513513513547 -2.8293159609120835   
78 312 0.07864371374862442 1.005359070909525 -23.634586466165388 -4.0857142857143227e+00 -3.2228187919463416 -3.133333333333366   
79 316 0.07849160526371934 1.005359070909525 -23.634586466165388 -5.1846153846154213e+00 -4.452014652014688 -0.5142857142857366   
80 320 0.07834396268072263 1.005359070909525 -23.634586466165388 -7.6571428571428939e+00 -4.085714285714323 -3.1779264214047145   
81 324 0.07819797962836608 1.005359070909525 -23.634586466165388 -7.8505415162455225e+00 -4.188489208633127 -2.3786163522012873   
82 328 0.07805397616887594 1.005359070909525 -23.634586466165388 -9.3439739413681142e+00 -6.749152542372917 -4.188489208633129   
83 332 0.0779129026053938 1.015320558751798 -23.634586466165388 -9.3439739413681142e+00 -5.232098765432134 -3.5931034482758952   
84 336 0.07777384275089644 1.015320558751798 -23.634586466165388 -1.0758083832335366e+01 -6.635016835016872 -6.0866449511401015   
85 340 0.07763747230495406 1.015320558751798 -23.634586466165388 -1.0347945205479489e+01 -7.4678445229682335 -2.107692307692336   
86 344 0.07750290117722075 1.015320558751798 -23.634586466165388 -8.1150183150183501e+00 -3.3593220338983376 -2.7449838187702578   
87 348 0.07737230303811252 1.015320558751798 -23.634586466165388 -8.5265917602996613e+00 -3.133333333333366 -2.3000000000000287   
88 352 0.07724550622712892 1.015320558751798 -23.634586466165388 -8.9570881226054002e+00 -2.3786163522012873 -0.43829787234044626   
89 356 0.07712062688301058 1.015320558751798 -23.634586466165388 -7.4678445229682335e+00 -3.0450331125828134 -2.2223602484472336   
90 360 0.07699839582149581 1.015320558751798 -23.634586466165388 -1.0277815699658738e+01 -5.184615384615421 -3.7860139860140216   
91 364 0.07687703888325106 1.015320558751798 -23.634586466165388 -8.1823529411765055e+00 -2.1456790123457066 0.1665551839464691   
92 368 0.07675863954062843 1.015320558751798 -23.634586466165388 -8.5969924812030438e+00 -4.560147601476052 -3.545704467353985   
93 372 0.0766444304661044 1.015320558751798 -23.634586466165388 -1.0208163265306156e+01 -7.28251748251752 -5.864257028112487   
94 376 0.07653317130695755 1.015320558751798 -23.634586466165388 -1.0705923344947772e+01 -3.6408304498270248 -2.8293159609120835   
95 380 0.07642182500548009 1.015320558751798 -23.634586466165388 -1.0489655172413828e+01 -3.001320132013233 -2.661736334405174   
96 384 0.07631145475609791 1.015320558751798 -23.634586466165388 -6.8648464163822887e+00 -3.08903654485053 -2.2223602484472336   
97 388 0.07620587609234347 1.015320558751798 -23.634586466165388 -1.0779020979021016e+01 -6.635016835016872 -2.620512820512851   
98 392 0.07610191541322166 1.015320558751798 -23.634586466165388 -9.2552529182879741e+00 -4.188489208633129 0.1328859060402504   
99 396 0.07599986615847999 1.015320558751798 -23.634586466165388 -1.0376131687242831e+01 -2.7870129870130174 -2.1456790123457066   
100 400 0.07589863660008754 1.015320558751798 -23.634586466165388 -1.3329411764705872e+01 -4.725373134328395 -3.9342756183745933   
101 404 0.07579792470278449 1.015320558751798 -23.634586466165388 -1.1858823529411783e+01 -3.545704467353985 -2.1839009287925983   
102 408 0.07569871475382141 1.015320558751798 -23.634586466165388 -1.0070270270270308e+01 -3.688888888888922 -3.313513513513547   
103 412 0.07560256324794952 1.015320558751798 -23.634586466165388 -7.7856115107914050e+00 -3.545704467353985 -3.4986301369863346   
104 416 0.07550626901419841 1.015320558751798 -23.634586466165388 -9.1050193050193400e+00 -6.5785234899329215 -4.345454545454581   
105 420 0.07541027052503342 1.015320558751798 -23.634586466165388 -7.4056338028169382e+00 -6.80680272108847 -2.9578947368421358   
106 424 0.07531294338614437 1.015320558751798 -23.634586466165388 -8.5969924812030438e+00 -3.6408304498270248 -0.43829787234044626   
107 428 0.07521821681247343 1.015320558751798 -23.634586466165388 -9.0307692307692662e+00 -3.451877133105836 -2.5795527156549825   
108 432 0.07512210719086868 1.015320558751798 -23.634586466165388 -9.9342281879195014e+00 -3.133333333333366 -0.8497237569060998   
109 436 0.07502680307658177 1.015320558751798 -23.634586466165388 -1.1618181818181835e+01 -4.505882352941212 -4.136917562724053   
110 440 0.0749312093545675 1.015320558751798 -23.634586466165388 -1.0926760563380318e+01 -1.327377521613855 -1.067605633802839   
111 444 0.07483561498858739 1.015320558751798 -23.634586466165388 -9.8803212851405995e+00 -3.133333333333366 -3.0450331125828134   
112 448 0.07474044372658886 1.015320558751798 -23.634586466165388 -1.1076595744680885e+01 -7.221602787456481 -5.825641025641062   
113 452 0.07464721644509753 1.015320558751798 -23.634586466165388 -1.1351724137931063e+01 -6.466666666666704 -6.139869281045787   
114 456 0.07455740043749039 1.015320558751798 -23.634586466165388 -7.4056338028169382e+00 -3.2228187919463416 -2.8293159609120835   
115 460 0.07446813096800979 1.015320558751798 -23.634586466165388 -8.9570881226054002e+00 -3.7860139860140216 -2.9147540983606874   
116 464 0.07437970962744243 1.015320558751798 -23.634586466165388 -8.3873605947955756e+00 -4.398540145985438 -4.188489208633127   
117 468 0.07429350103507308 1.015320558751798 -23.634586466165388 -1.1951898734177243e+01 -4.894339622641546 -4.614814814814851   
118 472 0.07420574174927418 1.015320558751798 -23.634586466165388 -8.3873605947955756e+00 -5.929032258064552 -3.5931034482758935   
119 476 0.0741195949488736 1.015320558751798 -23.634586466165388 -1.0986440677966135e+01 -3.6408304498270248 -3.22281879194634   
120 480 0.07403365189129126 1.015320558751798 -23.634586466165388 -7.3438596491228427e+00 -3.545704467353985 -2.9578947368421358   
121 484 0.07394671162504018 1.015320558751798 -23.634586466165388 -1.2104832713754670e+01 -3.83508771929828 -1.6343195266272446   
122 488 0.07385896762669074 1.015320558751798 -23.634586466165388 -8.4567164179104850e+00 -6.578523489932921 -3.2228187919463434   
123 492 0.07377418763410133 1.015320558751798 -23.634586466165388 -7.6571428571428939e+00 -1.921212121212148 1.0536585365853501   
124 496 0.07368729279873373 1.0301249981545337 -23.634586466165388 -1.2966023166023161e+01 -8.182352941176505 -2.8293159609120835   
125 500 0.07360302957238878 1.0301249981545337 -23.634586466165388 -8.4567164179104850e+00 -5.774440894568727 -4.136917562724051   
126 504 0.07352066052092236 1.0301249981545337 -23.634586466165388 -9.0307692307692680e+00 -6.247368421052663 -4.034875444839894   
127 508 0.07344030046481044 1.0301249981545337 -23.634586466165388 -1.1228571428571456e+01 -5.473981191222606 -2.2610591900311805   
128 512 0.07335850517934672 1.0301249981545337 -23.634586466165388 -6.5224080267558886e+00 -3.9843971631206023 -2.6205128205128494   
129 516 0.07327665937078674 1.0301249981545337 -23.634586466165388 -1.1305376344086056e+01 -8.387360594795576 -7.657142857142894   
130 520 0.0731950353577575 1.0301249981545337 -23.634586466165388 -7.7856115107914015e+00 -2.7449838187702578 -2.7032258064516426   
131 524 0.0731143515896055 1.0301249981545337 -23.634586466165388 -8.9570881226054002e+00 -6.635016835016872 -4.045014245014281   
132 528 0.07303466853265864 1.0301249981545337 -23.634586466165388 -1.1001413427561873e+01 -4.951515151515187 -3.6408304498270248   
133 532 0.07295665298879407 1.0301249981545337 -23.634586466165388 -6.1398692810457884e+00 -4.034875444839894 -2.3000000000000287   
134 536 0.07287882058136509 1.0301249981545337 -23.634586466165388 -8.7393939393939775e+00 -4.240433212996425 -2.620512820512853   
135 540 0.072801402276658 1.0301249981545337 -23.634586466165388 -7.1611111111111452e+00 -5.486274509803957 -3.1779264214047145   
136 544 0.07272504704354774 1.0301249981545337 -23.634586466165388 -7.5304964539007440e+00 -2.9578947368421358 0.4597402597402426   
137 548 0.07264700633894447 1.0301249981545337 -23.634586466165388 -9.1050193050193400e+00 -3.4986301369863346 -3.08903654485053   
138 552 0.07256981555425142 1.0301249981545337 -23.634586466165388 -1.3369023569023595e+01 -4.894339622641546 -2.703225806451641   
139 556 0.07249377478695117 1.0301249981545337 -23.634586466165388 -1.1076595744680885e+01 -4.240433212996425 -4.136917562724051   
140 560 0.07242017327398786 1.0301249981545337 -23.634586466165388 -7.5304964539007440e+00 -3.8845070422535573 -3.7860139860140216   
141 564 0.0723476262763829 1.0301249981545337 -23.634586466165388 -5.8256410256410618e+00 -2.7870129870130174 -0.5526881720430331   
142 568 0.07227589115197994 1.0301249981545337 -23.634586466165388 -7.3438596491228427e+00 -4.085714285714323 -3.8845070422535573   
143 572 0.07220683862695008 1.0301249981545337 -23.634586466165388 -6.9232876712329130e+00 -3.313513513513547 -1.9580547112462283   
144 576 0.07213847238253106 1.0301249981545337 -23.634586466165388 -8.3185185185185553e+00 -6.03376623376627 -3.313513513513547   
145 580 0.07207050111936823 1.0301249981545337 -23.634586466165388 -8.3185185185185553e+00 -6.9821305841924755 -3.08903654485053   
146 584 0.07200417051124916 1.0301249981545337 -23.634586466165388 -9.6675496688742086e+00 -6.301650165016538 -2.1456790123457066   
147 588 0.07194000885818579 1.0301249981545337 -23.634586466165388 -1.2271910112359564e+01 -6.411295681063159 -4.085714285714323   
148 592 0.07187589291137413 1.0301249981545337 -23.634586466165388 -7.5935943060498587e+00 -2.7870129870130174 -2.498412698412727   
149 596 0.07181415087324358 1.0301249981545337 -23.634586466165388 -7.9818181818182179e+00 -6.80680272108847 -5.572870662460604   
150 600 0.07175567120626408 1.0301249981545337 -23.634586466165388 -9.4721311475410204e+00 -5.376323987538976 -4.345454545454581   
151 604 0.07169806729951353 1.0301249981545337 -23.634586466165388 -1.3609523809523807e+01 -7.981818181818218 -3.8845070422535573   
152 608 0.07163907494724432 1.0301249981545337 -23.634586466165388 -1.1778021978022013e+01 -7.343859649122843 -3.0450331125828134   
153 612 0.07158044237178021 1.0301249981545337 -23.634586466165388 -6.5224080267558886e+00 -3.545704467353985 -3.001320132013233   
154 616 0.07152049338998927 1.0301249981545337 -23.634586466165388 -8.8839694656488923e+00 -7.593594306049859 -3.8845070422535573   
155 620 0.07145993854441336 1.0301249981545337 -23.634586466165388 -8.6679245283019242e+00 -3.545704467353985 0.854205607476619   
156 624 0.07139905358326296 1.0301249981545337 -23.634586466165388 -6.3562913907285132e+00 -4.240433212996425 -3.133333333333366   
157 628 0.07133844434497794 1.0301249981545337 -23.634586466165388 -6.5785234899329232e+00 -4.9515151515151885 -3.8845070422535573   
158 632 0.07127812763587965 1.0301249981545337 -23.634586466165388 -1.4275524475524513e+01 -7.221602787456481 -2.3000000000000287   
159 636 0.07121761103404482 1.0301249981545337 -23.634586466165388 -9.4721311475410204e+00 -3.313513513513547 -2.8293159609120835   
160 640 0.07115855773375747 1.0301249981545337 -23.634586466165388 -7.4056338028169382e+00 -3.3593220338983376 -1.8481927710843644   
161 644 0.07109834301994379 1.0301249981545337 -23.634586466165388 -5.7744408945687224e+00 -4.240433212996425 -2.620512820512853   
162 648 0.07104020032131747 1.0301249981545337 -23.634586466165388 -4.7812734082397359e+00 -3.2680134680135016 -3.1779264214047145   
163 652 0.07098278819616663 1.0301249981545337 -23.634586466165388 -9.4078431372549378e+00 -6.139869281045787 -2.339184952978085   
164 656 0.07092736131622916 1.0301249981545337 -23.634586466165388 -6.6918918918919292e+00 -3.313513513513547 -2.8293159609120835   
165 660 0.07087163379849522 1.0462088947137511 -23.634586466165388 -1.4979856115107944e+01 -8.883969465648892 -3.313513513513547   
166 664 0.07081641481839457 1.0462088947137511 -23.634586466165388 -8.3873605947955756e+00 -3.001320132013233 -2.9147540983606874   
167 668 0.07076082840301613 1.0462088947137511 -23.634586466165388 -1.3772602739726041e+01 -5.877170418006466 -3.5931034482758952   
168 672 0.07070631940714775 1.0462088947137511 -23.634586466165388 -1.6231718061673956e+01 -6.923287671232913 -6.328925619834743   
169 676 0.07065116331280613 1.0462088947137511 -23.634586466165388 -6.5785234899329197e+00 -3.4518771331058344 -2.8293159609120835   
170 680 0.07059643884455975 1.0462088947137511 -23.634586466165388 -1.5347445255474460e+01 -9.331250000000036 -6.9821305841924755   
171 684 0.07054193888346257 1.0462088947137511 -23.634586466165388 -4.4520146520146877e+00 -3.451877133105836 -1.3273775216138568   
172 688 0.07049083195651884 1.0462088947137511 -23.634586466165388 -4.7253731343283949e+00 -2.339184952978085 1.2714285714285565   
173 692 0.07044146432597591 1.0462088947137511 -23.634586466165388 -8.2501845018450553e+00 -4.034875444839894 -2.661736334405174   
174 696 0.07039110469573805 1.0462088947137511 -23.634586466165388 -1.0208163265306156e+01 -4.188489208633127 -3.6888888888889255   
175 700 0.07034243961318193 1.0462088947137511 -23.634586466165388 -1.2022222222222243e+01 -3.4986301369863346 -2.871895424836632   
176 704 0.07029377086614547 1.0462088947137511 -23.634586466165388 -1.0779020979021016e+01 -3.9843971631206023 -1.9951219512195393   
177 708 0.07024711068106766 1.0462088947137511 -23.634586466165388 -1.4800000000000036e+01 -3.5931034482758952 -3.545704467353985   
178 712 0.07020003750098353 1.0462088947137511 -23.634586466165388 -1.2788505747126434e+01 -3.6408304498270248 0.2662251655628954   
179 716 0.07015400286462513 1.0462088947137511 -23.634586466165388 -3.2680134680135016e+00 -1.6694362017804405 0.7063291139240349   
180 720 0.07010815780323129 1.0462088947137511 -23.634586466165388 -4.4198830409357086e+00 -3.1779264214047145 -2.069938650306776   
181 724 0.07006403081773098 1.0462088947137511 -23.634586466165388 -8.8839694656488923e+00 -4.398540145985438 -3.83508771929828   
182 728 0.07001781989391859 1.0462088947137511 -23.634586466165388 -1.5441025641025654e+01 -3.451877133105838 -3.2228187919463434   
183 732 0.06996904796285314 1.0462088947137511 -23.634586466165388 -8.4567164179104850e+00 -4.894339622641546 -2.87189542483663   
184 736 0.06992322609581789 1.0462088947137511 -23.634586466165388 -7.9159420289855440e+00 -5.425000000000036 -3.8845070422535573   
185 740 0.06987869180725009 1.0462088947137511 -23.634586466165388 -8.0481751824817884e+00 -6.126530612244935 -5.473981191222606   
186 744 0.06983334279456528 1.0462088947137511 -23.634586466165388 -6.4112956810631587e+00 -2.9147540983606874 -2.5388535031847437   
187 748 0.0697869616641517 1.0462088947137511 -23.634586466165388 -5.8256410256410618e+00 -2.2610591900311805 0.6458598726114474   
188 752 0.06974236027143499 1.0462088947137511 -23.634586466165388 -5.5728706624606037e+00 -2.87189542483663 -1.8845921450151328   
189 756 0.06969794889146781 1.0462088947137511 -23.634586466165388 -4.5601476014760518e+00 -2.9147540983606874 -1.1207547169811565   
190 760 0.06965386342857056 1.0462088947137511 -23.634586466165388 -8.3873605947955756e+00 -4.725373134328395 -2.3000000000000287   
191 764 0.06960908589683204 1.0462088947137511 -23.634586466165388 -1.2104832713754684e+01 -4.894339622641544 -1.5302052785924007   
192 768 0.06956349761046093 1.0462088947137511 -23.634586466165388 -8.1823529411765055e+00 -3.9843971631206023 -3.6888888888889237   
193 772 0.06951834844252289 1.0462088947137511 -23.634586466165388 -7.8505415162455225e+00 -2.9578947368421358 -2.9147540983606874   
194 776 0.06947280933446848 1.0462088947137511 -23.634586466165388 -7.8505415162455225e+00 -1.6694362017804405 0.6458598726114474   
195 780 0.06942849393485548 1.0462088947137511 -23.634586466165388 -6.1398692810457884e+00 -0.21666666666668807 0.5536977491961246   
196 784 0.06938319194662823 1.0462088947137511 -23.634586466165388 -9.4078431372549360e+00 -4.894339622641548 -2.7870129870130174   
197 788 0.06933869698227203 1.0462088947137511 -23.634586466165388 -9.8803212851405995e+00 -4.614814814814851 -3.451877133105836   
198 792 0.06929589229197515 1.0462088947137511 -23.634586466165388 -1.1460649819494620e+01 -0.004081632653080508 0.5225806451612727   
199 796 0.06925513750839696 1.0462088947137511 -23.634586466165388 -1.2092993630573286e+01 -5.5232704402516095 -2.1839009287925983   
200 800 0.06921394532076705 1.0462088947137511 -23.634586466165388 -8.6679245283019242e+00 -3.6408304498270248 -3.0450331125828134   
201 804 0.069173888508805 1.0462088947137511 -23.634586466165388 -8.6679245283019224e+00 -3.8845070422535573 -3.0450331125828134   
202 808 0.06913424190289742 1.0462088947137511 -23.634586466165388 -5.1256704980843271e+00 -2.9147540983606874 -2.7449838187702578   
203 812 0.06909505591545208 1.0462088947137511 -23.634586466165388 -9.5368421052631920e+00 -2.9147540983606874 -2.8293159609120835   
204 816 0.06905548557118457 1.0462088947137511 -23.634586466165388 -6.2473684210526663e+00 -3.2228187919463416 -3.0450331125828134   
205 820 0.069017369498129 1.0462088947137511 -23.634586466165388 -4.3985401459854376e+00 -3.2680134680135016 -1.8845921450151328   
206 824 0.06897778273893969 1.062763063822759 -23.634586466165388 -9.5628458498024074e+00 -6.193442622950856 -2.8293159609120835   
207 828 0.06893800025717231 1.062763063822759 -23.634586466165388 -7.7211469534050554e+00 -3.405442176870781 -3.3593220338983376   
208 832 0.06889696622365472 1.062763063822759 -23.634586466165388 -1.0720502092050234e+01 -6.247368421052666 -4.240433212996425   
209 836 0.06885753045546796 1.062763063822759 -23.634586466165388 -7.5935943060498587e+00 -3.001320132013233 -1.9951219512195393   
210 840 0.06881923990685285 1.062763063822759 -23.634586466165388 -1.2527272727272740e+01 -3.737282229965191 -2.9578947368421358   
211 844 0.06878206495785388 1.062763063822759 -23.634586466165388 -7.2825174825175196e+00 -5.232098765432134 -2.458227848101295   
212 848 0.0687451839352084 1.062763063822759 -23.634586466165388 -4.3454545454545812e+00 -2.620512820512851 1.529479768786114   
213 852 0.06870973043471172 1.062763063822759 -23.634586466165388 -8.7393939393939757e+00 -2.871895424836632 -2.0324159021407002   
214 856 0.06867543301749922 1.062763063822759 -23.634586466165388 -8.3185185185185553e+00 -4.505882352941212 -4.398540145985438   
215 860 0.06864223014794898 1.062763063822759 -23.634586466165388 -6.8648464163822904e+00 -2.7870129870130174 -2.5795527156549825   
216 864 0.06860959759173126 1.062763063822759 -23.634586466165388 -8.7393939393939775e+00 -2.418296529968483 -0.5142857142857366   
217 868 0.06857578966223275 1.062763063822759 -23.634586466165388 -6.7491525423729168e+00 -3.313513513513547 -3.1779264214047145   
218 872 0.06854402184781012 1.062763063822759 -23.634586466165388 -1.2978807947019904e+01 -3.688888888888922 -3.08903654485053   
219 876 0.06851144777063135 1.062763063822759 -23.634586466165388 -1.2601302931596102e+01 -8.667924528301922 -3.8845070422535573   
220 880 0.06847994014974043 1.062763063822759 -23.634586466165388 -1.0926760563380318e+01 -7.915942028985544 -6.80680272108847   
221 884 0.06844943882882011 1.062763063822759 -23.634586466165388 -1.5535294117647007e+01 -5.98122977346282 -3.8845070422535573   
222 888 0.06841928394117155 1.062763063822759 -23.634586466165388 -7.3438596491228427e+00 -3.4986301369863346 -2.9147540983606874   
223 892 0.06838876343513303 1.062763063822759 -23.634586466165388 -7.2216027874564812e+00 -4.90574018126892 -4.085714285714323   
224 896 0.06835780258335819 1.062763063822759 -23.634586466165388 -9.3312500000000362e+00 -6.9821305841924755 -4.837593984962442   
225 900 0.06832743654996912 1.062763063822759 -23.634586466165388 -7.9159420289855440e+00 -3.8845070422535573 -2.498412698412727   
226 904 0.06829851636641193 1.062763063822759 -23.634586466165388 -9.5368421052631920e+00 -2.7870129870130174 -2.107692307692336   
227 908 0.06826994150258578 1.062763063822759 -23.634586466165388 -6.6918918918919292e+00 -2.5388535031847437 -1.8845921450151328   
228 912 0.06823977984119714 1.062763063822759 -23.634586466165388 -6.9821305841924755e+00 -5.184615384615421 -3.9843971631206023   
229 916 0.06820983474700007 1.062763063822759 -23.634586466165388 -9.8803212851405995e+00 -3.0450331125828134 0.09898989898987876   
230 920 0.06818161993541609 1.062763063822759 -23.634586466165388 -7.2216027874564812e+00 -4.398540145985438 -2.620512820512853   
231 924 0.06815412745890763 1.062763063822759 -23.634586466165388 -5.1256704980843271e+00 -1.8481927710843644 -1.7047619047619311   
232 928 0.06812738771506818 1.062763063822759 -23.634586466165388 -1.2022222222222243e+01 -3.2680134680135016 -2.069938650306776   
233 932 0.06810126838099313 1.062763063822759 -23.634586466165388 -7.9818181818182179e+00 -3.4518771331058344 -2.3786163522012873   
234 936 0.06807583903138995 1.062763063822759 -23.634586466165388 -7.4678445229682335e+00 -4.781273408239736 -3.405442176870781   
235 940 0.06805074793714096 1.062763063822759 -23.634586466165388 -7.8505415162455225e+00 -4.085714285714323 -3.3593220338983376   
236 944 0.06802685686257257 1.062763063822759 -23.634586466165388 -1.2826315789473693e+01 -6.864846416382292 -1.5994100294985496   
237 948 0.06800180586848104 1.062763063822759 -23.634586466165388 -7.3438596491228427e+00 -3.6408304498270248 -3.133333333333366   
238 952 0.0679780384633284 1.062763063822759 -23.634586466165388 -9.1548387096774562e+00 -4.085714285714323 -2.661736334405174   
239 956 0.06795419231603315 1.062763063822759 -23.634586466165388 -1.1951898734177252e+01 -6.864846416382287 -3.4518771331058344   
240 960 0.06792888727127237 1.062763063822759 -23.634586466165388 -7.4056338028169382e+00 -3.8845070422535573 -3.313513513513547   
241 964 0.06790281425987989 1.062763063822759 -23.634586466165388 -1.1618181818181855e+01 -3.451877133105836 0.13288590604024864   
242 968 0.06787617575859077 1.062763063822759 -23.634586466165388 -1.3133333333333372e+01 -3.8845070422535573 -2.9147540983606874   
243 972 0.06784924846349064 1.062763063822759 -23.634586466165388 -9.3312500000000362e+00 -7.530496453900744 -7.28251748251752   
244 976 0.06782193764263558 1.062763063822759 -23.634586466165388 -5.0091254752852077e+00 -4.781273408239736 -3.2680134680135016   
245 980 0.06779164792312083 1.062763063822759 -23.634586466165388 -1.5162318840579681e+01 -2.339184952978085 -1.4618075801749502   
246 984 0.0677616019274088 1.062763063822759 -23.634586466165388 -8.3185185185185553e+00 -6.301650165016538 -2.661736334405174   
247 988 0.06773167375363999 1.078836041520042 -23.634586466165388 -1.2356390977443619e+01 -9.217475728155376 -7.161111111111147   
248 992 0.06770309919120265 1.078836041520042 -23.634586466165388 -1.1778021978022005e+01 -2.661736334405174 -2.0324159021407002   
249 996 0.06767434987598424 1.078836041520042 -23.634586466165388 -8.8839694656488923e+00 -2.458227848101295 -2.1839009287925983   
250 1000 0.06764615545985544 1.078836041520042 -23.634586466165388 -7.4678445229682335e+00 -6.691891891891929 -4.188489208633131   
251 1004 0.06761868650893343 1.078836041520042 -23.634586466165388 -8.4567164179104850e+00 -4.398540145985438 -3.7860139860140216   
252 1008 0.06759084518036591 1.078836041520042 -23.634586466165388 -7.9818181818182179e+00 -6.86484641638229 -6.5785234899329215   
253 1012 0.06756266838388916 1.078836041520042 -23.634586466165388 -8.0481751824817884e+00 -4.085714285714323 -4.034875444839887   
254 1016 0.06753213367393336 1.078836041520042 -23.634586466165388 -5.4250000000000362e+00 -3.4986301369863346 -1.7402985074627133   
255 1020 0.06749993865152662 1.078836041520042 -23.634586466165388 -1.1940221402214059e+01 -3.6888888888889237 -1.5647058823529671   
256 1024 0.06746766782876333 1.078836041520042 -23.634586466165388 -1.0070270270270308e+01 -3.405442176870781 -1.5994100294985496   
257 1028 0.06743691503888494 1.078836041520042 -23.634586466165388 -1.0138983050847493e+01 -2.661736334405174 -2.069938650306776   
258 1032 0.06740553519543968 1.078836041520042 -23.634586466165388 -1.2788505747126470e+01 -6.522408026755889 -3.2228187919463434   
259 1036 0.06737427476658801 1.078836041520042 -23.634586466165388 -7.3438596491228427e+00 -3.2228187919463416 -3.0450331125828134   
260 1040 0.06734531350802213 1.078836041520042 -23.634586466165388 -9.6675496688742086e+00 -0.6303249097473134 0.42801302931594243   
261 1044 0.06731686067696993 1.078836041520042 -23.634586466165388 -7.9818181818182161e+00 -2.5795527156549825 -1.5302052785924007   
262 1048 0.0672880341151656 1.078836041520042 -23.634586466165388 -8.8839694656488923e+00 -6.63501683501687 -4.560147601476052   
263 1052 0.06725797535441914 1.078836041520042 -23.634586466165388 -9.6019801980198380e+00 -7.343859649122843 -6.578523489932923   
264 1056 0.06722688848406483 1.078836041520042 -23.634586466165388 -9.0307692307692680e+00 -1.776047904191643 0.6761904761904592   
265 1060 0.06719601721707853 1.078836041520042 -23.634586466165388 -8.0481751824817884e+00 -3.593103448275897 -3.545704467353985   
266 1064 0.0671645951726479 1.078836041520042 -23.634586466165388 -6.5224080267558886e+00 -1.461807580174951 0.2662251655628954   
267 1068 0.06713049311886991 1.078836041520042 -23.634586466165388 -6.6350168350168719e+00 -3.9843971631206023 -2.107692307692336   
268 1072 0.0670958882430601 1.078836041520042 -23.634586466165388 -6.8648464163822904e+00 -1.1314447592068215 0.33157894736840315   
269 1076 0.067061848686335 1.078836041520042 -23.634586466165388 -7.4678445229682335e+00 -3.001320132013233 -0.004081632653080508   
270 1080 0.06702799268125809 1.078836041520042 -23.634586466165388 -1.1259227467811179e+01 -6.03376623376627 -3.001320132013233   
271 1084 0.06699466039090009 1.078836041520042 -23.634586466165388 -8.7274447949527172e+00 -2.3786163522012873 -1.1960113960114191   
272 1088 0.06696223400762602 1.078836041520042 -23.634586466165388 -1.6918644067796635e+01 -7.530496453900744 -4.034875444839894   
273 1092 0.06693131432958112 1.078836041520042 -23.634586466165388 -6.0337662337662703e+00 -2.871895424836633 -0.004081632653080508   
274 1096 0.06690147381561887 1.078836041520042 -23.634586466165388 -8.1823529411765055e+00 -4.240433212996425 -2.418296529968483   
275 1100 0.06687203794661671 1.078836041520042 -23.634586466165388 -7.5304964539007440e+00 -6.635016835016872 -2.3786163522012873   
276 1104 0.06684218341488765 1.078836041520042 -23.634586466165388 -1.2613688212927773e+01 -3.2228187919463416 -2.7870129870130174   
277 1108 0.06681162684405477 1.078836041520042 -23.634586466165388 -7.3438596491228427e+00 -3.688888888888922 -2.498412698412727   
278 1112 0.06678337753417293 1.078836041520042 -23.634586466165388 -1.6315151515151474e+01 -8.048175182481788 -3.0450331125828134   
279 1116 0.06675643678757322 1.078836041520042 -23.634586466165388 -6.9821305841924755e+00 -3.8845070422535573 -3.2228187919463434   
280 1120 0.06673152535268698 1.078836041520042 -23.634586466165388 -8.2501845018450553e+00 -1.921212121212148 -1.7047619047619311   
281 1124 0.06670755461167172 1.078836041520042 -23.634586466165388 -1.2104832713754680e+01 -4.614814814814851 -2.2223602484472336   
282 1128 0.06668373487056577 1.078836041520042 -23.634586466165388 -6.3562913907285132e+00 -3.2228187919463416 -2.8293159609120835   
283 1132 0.06665908297394849 1.078836041520042 -23.634586466165388 -8.2615384615384979e+00 -6.749152542372917 -1.921212121212148   
284 1136 0.0666329918765232 1.078836041520042 -23.634586466165388 -9.2552529182879741e+00 -6.522408026755889 -6.193442622950856   
285 1140 0.06660628067323235 1.078836041520042 -23.634586466165388 -1.4361403508771966e+01 -6.356291390728513 -3.001320132013233   
286 1144 0.06657898492908869 1.078836041520042 -23.634586466165388 -5.3763239875389761e+00 -3.133333333333366 -2.87189542483663   
287 1148 0.0665508284131703 1.078836041520042 -23.634586466165388 -8.2501845018450553e+00 -5.98122977346282 -3.9843971631206023   
288 1152 0.06652269398748863 1.093751347425376 -23.634586466165388 -8.6679245283019242e+00 -2.498412698412727 -2.2223602484472336   
289 1156 0.06649431059130971 1.093751347425376 -23.634586466165388 -6.6918918918919292e+00 -4.560147601476052 -2.3000000000000287   
290 1160 0.06646715496998909 1.093751347425376 -23.634586466165388 -9.1798449612403434e+00 -4.725373134328395 -3.5931034482758935   
291 1164 0.0664431388974519 1.093751347425376 -23.634586466165388 -6.5224080267558886e+00 -2.2610591900311805 -2.107692307692336   
292 1168 0.06641810692950068 1.093751347425376 -23.634586466165388 -7.2825174825175196e+00 -3.5931034482758952 -2.2223602484472336   
293 1172 0.06639362408404505 1.093751347425376 -23.634586466165388 -5.1256704980843271e+00 -2.7032258064516443 1.554466858789613   
294 1176 0.06636904328340601 1.093751347425376 -23.634586466165388 -9.1050193050193400e+00 -4.781273408239736 -3.9843971631206023   
295 1180 0.06634467185694513 1.093751347425376 -23.634586466165388 -1.0070270270270308e+01 -4.398540145985438 -3.313513513513547   
296 1184 0.06632098999745532 1.093751347425376 -23.634586466165388 -8.1823529411765055e+00 -4.377259475218693 -3.405442176870781   
297 1188 0.06629607137591965 1.093751347425376 -23.634586466165388 -8.0481751824817884e+00 -2.620512820512851 -2.418296529968483   
298 1192 0.0662712789688834 1.093751347425376 -23.634586466165388 -7.4678445229682335e+00 -3.545704467353985 -2.458227848101293   
299 1196 0.06624721354424284 1.093751347425376 -23.634586466165388 -9.1798449612403452e+00 -3.22281879194634 -2.620512820512851   
300 1200 0.06622423180028726 1.093751347425376 -23.634586466165388 -1.0376131687242834e+01 -3.1779264214047145 -2.620512820512853   
301 1204 0.06620027399610195 1.093751347425376 -23.634586466165388 -1.1940221402214059e+01 -5.279876160990749 -4.837593984962442   
302 1208 0.06617720686790121 1.093751347425376 -23.634586466165388 -1.4979856115107948e+01 -3.08903654485053 -2.0324159021407002   
303 1212 0.06615455241159411 1.093751347425376 -23.634586466165388 -1.4593388429752016e+01 -7.8505415162455225 -7.28251748251752   
304 1216 0.0661327071392289 1.093751347425376 -23.634586466165388 -1.3289932885906055e+01 -4.345454545454581 -3.4986301369863346   
305 1220 0.06610998246168237 1.093751347425376 -23.634586466165388 -7.8505415162455225e+00 -0.7090909090909302 -0.36338028169016245   
306 1224 0.06608536929259569 1.093751347425376 -23.634586466165388 -5.1256704980843271e+00 -3.6408304498270248 -3.2680134680135016   
307 1228 0.06605953359269943 1.093751347425376 -23.634586466165388 -9.5368421052631920e+00 -1.9580547112462283 -0.36338028169016245   
308 1232 0.06603561074880618 1.093751347425376 -23.634586466165388 -6.1398692810457902e+00 -3.688888888888922 -2.8293159609120835   
309 1236 0.06601326168848547 1.093751347425376 -23.634586466165388 -1.1076595744680885e+01 -2.7449838187702578 0.6153354632587679   
310 1240 0.06599255234399819 1.093751347425376 -23.634586466165388 -7.8505415162455225e+00 -3.6408304498270248 -3.5931034482758935   
311 1244 0.06597144069508554 1.093751347425376 -23.634586466165388 -9.7335548172757829e+00 -4.085714285714323 -3.133333333333366   
312 1248 0.06594980962907131 1.093751347425376 -23.634586466165388 -7.2216027874564812e+00 -2.4582278481012967 -2.339184952978085   
313 1252 0.06592851359096875 1.093751347425376 -23.634586466165388 -1.2613688212927755e+01 -3.313513513513547 -3.313513513513547   
314 1256 0.06590822738742291 1.093751347425376 -23.634586466165388 -1.1076595744680885e+01 -8.11501831501835 -1.921212121212148   
315 1260 0.06588907474487891 1.093751347425376 -23.634586466165388 -6.1398692810457884e+00 -4.560147601476052 -4.2927536231884424   
316 1264 0.06587000789136517 1.093751347425376 -23.634586466165388 -1.7197260273972631e+01 -7.593594306049859 -1.7047619047619311   
317 1268 0.06585157064148474 1.093751347425376 -23.634586466165388 -1.0277815699658740e+01 -3.9843971631206023 -3.9342756183745933   
318 1272 0.06583258273330621 1.093751347425376 -23.634586466165388 -9.4850393700787770e+00 -6.03376623376627 -3.737282229965191   
319 1276 0.06581480416068175 1.093751347425376 -23.634586466165388 -2.1050000000000022e+01 -7.343859649122843 -6.356291390728513   
320 1280 0.06579768879883369 1.093751347425376 -23.634586466165388 -8.3185185185185553e+00 -7.221602787456481 -4.614814814814851   
321 1284 0.06578268870616556 1.093751347425376 -23.634586466165388 -1.2356390977443645e+01 -6.923287671232913 -4.2927536231884424   
322 1288 0.06576841254792525 1.093751347425376 -23.634586466165388 -6.3562913907285132e+00 -2.661736334405174 -2.2223602484472336   
323 1292 0.06575324256719497 1.093751347425376 -23.634586466165388 -1.0002020202020239e+01 -3.5931034482758952 -3.1779264214047145   
324 1296 0.06573814419670482 1.093751347425376 -23.634586466165388 -8.8839694656488923e+00 -3.1779264214047145 -2.9578947368421358   
325 1300 0.06572562003381087 1.093751347425376 -23.634586466165388 -7.5935943060498587e+00 -4.997568389057788 -3.001320132013233   
326 1304 0.06571273674571926 1.093751347425376 -23.634586466165388 -7.5304964539007440e+00 -5.376323987538976 -3.8845070422535573   
327 1308 0.06570065875174369 1.093751347425376 -23.634586466165388 -7.4056338028169382e+00 -4.188489208633131 -1.1636363636363867   
328 1312 0.06568771392103814 1.093751347425376 -23.634586466165388 -1.8680866425992747e+01 -6.635016835016872 -4.462756598240507   
329 1316 0.0656749686789883 1.1077395291092853 -23.634586466165388 -9.6675496688742086e+00 -2.5388535031847437 -1.5302052785924007   
330 1320 0.06566439877651074 1.1077395291092853 -23.634586466165388 -9.0307692307692680e+00 -3.313513513513547 1.0814589665653334   
331 1324 0.0656539636311375 1.1077395291092853 -23.634586466165388 -1.4105555555555553e+01 -6.03376623376627 -2.1456790123457066   
332 1328 0.06564449499700598 1.1077395291092853 -23.634586466165388 -1.1618181818181855e+01 -2.0324159021407002 -0.038907849829370594   
333 1332 0.06563421542028615 1.1077395291092853 -23.634586466165388 -1.0489655172413828e+01 -3.1779264214047145 -2.7870129870130174   
334 1336 0.06562336786176301 1.1077395291092853 -23.634586466165388 -1.1228571428571465e+01 -4.95151515151519 -3.5931034482758952   
335 1340 0.0656119262047057 1.1077395291092853 -23.634586466165388 -8.3873605947955756e+00 -2.1456790123457066 0.6458598726114474   
336 1344 0.06560202475366853 1.1077395291092853 -23.634586466165388 -1.1076595744680885e+01 -3.4986301369863346 -3.451877133105838   
337 1348 0.06559022429237155 1.1077395291092853 -23.634586466165388 -7.5514792899408647e+00 -4.669888475836467 -4.085714285714323   
338 1352 0.06557715215299605 1.1077395291092853 -23.634586466165388 -5.3642023346303862e+00 -2.2610591900311805 0.4597402597402426   
339 1356 0.06556313566127671 1.1077395291092853 -23.634586466165388 -5.2440154440154796e+00 -3.9843971631206023 -2.8293159609120835   
340 1360 0.0655493813858662 1.1077395291092853 -23.634586466165388 -8.1823529411765055e+00 -2.339184952978085 -2.107692307692336   
341 1364 0.06553692484356212 1.1077395291092853 -23.634586466165388 -7.6571428571428939e+00 -3.545704467353985 -2.418296529968483   
342 1368 0.06552407852614017 1.1077395291092853 -23.634586466165388 -5.4250000000000362e+00 -4.614814814814851 -2.3000000000000287   
343 1372 0.06551008948471516 1.1077395291092853 -23.634586466165388 -8.8114068441065001e+00 -3.313513513513547 -2.7870129870130174   
344 1376 0.06549654271555289 1.1077395291092853 -23.634586466165388 -8.9693290734824647e+00 -6.80680272108847 -3.9843971631206023   
345 1380 0.06548120614360504 1.1077395291092853 -23.634586466165388 -1.0561245674740521e+01 -3.545704467353985 -1.2285714285714526   
346 1384 0.06546779241935374 1.1077395291092853 -23.634586466165388 -1.1272392638036846e+01 -7.041379310344864 -3.8845070422535573   
347 1388 0.06545716702833931 1.1077395291092853 -23.634586466165388 -1.4042424242424282e+01 -3.6408304498270248 -2.2610591900311805   
348 1392 0.06544491939142853 1.1077395291092853 -23.634586466165388 -1.2380645161290353e+01 -5.327950310559043 -2.3786163522012873   
349 1396 0.06543289173990594 1.1077395291092853 -23.634586466165388 -9.3312500000000362e+00 -3.001320132013233 -2.620512820512851   
350 1400 0.0654213090906306 1.1077395291092853 -23.634586466165388 -6.4666666666667041e+00 -2.9578947368421358 -0.004081632653080508   
351 1404 0.06540977071362239 1.1077395291092853 -23.634586466165388 -7.1611111111111487e+00 -3.7860139860140216 -2.0324159021407002   
352 1408 0.06539772724857429 1.1077395291092853 -23.634586466165388 -9.8000000000000362e+00 -2.5388535031847437 -0.8192837465564955   
353 1412 0.06538711171244721 1.1077395291092853 -23.634586466165388 -2.0928404669260708e+01 -4.085714285714323 -0.8294117647059045   
354 1416 0.06537689184659452 1.1077395291092853 -23.634586466165388 -1.1076595744680885e+01 -6.923287671232913 -3.4986301369863346   
355 1420 0.06536933776851331 1.1077395291092853 -23.634586466165388 -1.0347945205479489e+01 -2.5388535031847437 -0.9111111111111333   
356 1424 0.0653602846910226 1.1077395291092853 -23.634586466165388 -9.0926045016077524e+00 -0.2895104895105103 0.7660377358490393   
357 1428 0.06534973672886951 1.1077395291092853 -23.634586466165388 -7.4678445229682335e+00 -4.136917562724049 -3.83508771929828   
358 1432 0.06534132332991821 1.1077395291092853 -23.634586466165388 -8.0481751824817884e+00 -6.578523489932923 -3.737282229965191   
359 1436 0.06533246277379913 1.1077395291092853 -23.634586466165388 -1.3055813953488375e+01 -9.331250000000036 -6.923287671232913   
360 1440 0.06532271035734175 1.1077395291092853 -23.634586466165388 -7.5304964539007440e+00 -2.2610591900311805 -1.8481927710843644   
361 1444 0.06531339563384923 1.1077395291092853 -23.634586466165388 -1.4878369905956149e+01 -3.766480446927409 -0.789010989011011   
362 1448 0.06530351895584866 1.1077395291092853 -23.634586466165388 -7.7211469534050536e+00 -2.7032258064516426 -1.8481927710843644   
363 1452 0.06529276861156084 1.1077395291092853 -23.634586466165388 -8.6679245283019224e+00 -2.8293159609120835 -1.5994100294985496   
364 1456 0.06528252505641387 1.1077395291092853 -23.634586466165388 -1.3422047244094490e+01 -3.9843971631206023 -3.9342756183745933   
365 1460 0.0652706664201556 1.1077395291092853 -23.634586466165388 -7.4678445229682335e+00 -6.411295681063159 -4.669888475836467   
366 1464 0.06525803384104563 1.1077395291092853 -23.634586466165388 -8.9082802547771074e+00 -3.545704467353985 -3.2680134680135016   
367 1468 0.06524295957718343 1.1077395291092853 -23.634586466165388 -7.3438596491228427e+00 -2.107692307692336 -1.42790697674421   
368 1472 0.06522810011083671 1.1077395291092853 -23.634586466165388 -7.6041543026706595e+00 -4.614814814814851 -1.6343195266272446   
369 1476 0.0652127701206035 1.1077395291092853 -23.634586466165388 -6.0866449511401015e+00 -3.545704467353985 -2.498412698412727   
370 1480 0.06519863812897858 1.121063913698953 -23.634586466165388 -9.7203187250996379e+00 -7.161111111111149 -2.3786163522012873   
371 1484 0.06518557774816428 1.121063913698953 -23.634586466165388 -1.2188059701492575e+01 -5.067175572519121 -0.9940298507462911   
372 1488 0.06516995276280368 1.121063913698953 -23.634586466165388 -7.4056338028169382e+00 -3.22281879194634 -2.8718954248366173   
373 1492 0.06515404654707041 1.121063913698953 -23.634586466165388 -8.8476190476190819e+00 -3.313513513513547 -2.9578947368421358   
374 1496 0.0651389516632711 1.121063913698953 -23.634586466165388 -1.5441025641025576e+01 -5.994331983805704 -3.737282229965191   
375 1500 0.065122523986262 1.121063913698953 -23.634586466165388 -6.5224080267558886e+00 -3.405442176870781 -2.7032258064516426   
376 1504 0.06510712317405855 1.121063913698953 -23.634586466165388 -1.1305376344086055e+01 -6.749152542372917 -1.6694362017804405   
377 1508 0.06509125626211487 1.121063913698953 -23.634586466165388 -7.6571428571428939e+00 -7.4678445229682335 -3.6888888888889237   
378 1512 0.06507383674981668 1.121063913698953 -23.634586466165388 -1.4105555555555528e+01 -2.0324159021407002 -0.8701107011070344   
379 1516 0.06505769130675837 1.121063913698953 -23.634586466165388 -8.8839694656488923e+00 -5.279876160990749 -3.964305949008533   
380 1520 0.06503962830204187 1.121063913698953 -23.634586466165388 -2.4582278481012949e+00 -1.776047904191643 -1.4731517509727867   
381 1524 0.06502035931096978 1.121063913698953 -23.634586466165388 -8.1823529411765055e+00 -6.80680272108847 -6.0866449511401015   
382 1528 0.06500068701180584 1.121063913698953 -23.634586466165388 -1.0633333333333361e+01 -5.610276679841933 -5.327950310559043   
383 1532 0.06498216429484424 1.121063913698953 -23.634586466165388 -8.4335403726708442e+00 -6.923287671232913 -4.7700598802395575   
384 1536 0.06496243346643168 1.121063913698953 -23.634586466165388 -7.7211469534050554e+00 -3.2228187919463416 -2.7032258064516426   
385 1540 0.06494176722460708 1.121063913698953 -23.634586466165388 -8.5500000000000362e+00 -7.28251748251752 -6.301650165016538   
386 1544 0.06492210507028952 1.121063913698953 -23.634586466165388 -6.5785234899329215e+00 -2.498412698412727 -1.6694362017804405   
387 1548 0.0649033630649756 1.121063913698953 -23.634586466165388 -8.8839694656488923e+00 -4.034875444839894 -1.8845921450151328   
388 1552 0.06488737650883684 1.121063913698953 -23.634586466165388 -1.1338461538461575e+01 -4.398540145985438 0.2990099009900807   
389 1556 0.06487221086327591 1.121063913698953 -23.634586466165388 -1.1305376344086044e+01 -5.673015873015908 -3.2228187919463416   
390 1560 0.0648559950472632 1.121063913698953 -23.634586466165388 -8.0481751824817884e+00 -2.620512820512851 -1.42790697674421   
391 1564 0.0648399217840075 1.121063913698953 -23.634586466165388 -9.8000000000000362e+00 -5.673015873015908 -2.5795527156549825   
392 1568 0.0648256469044259 1.121063913698953 -23.634586466165388 -1.6315151515151463e+01 -3.6408304498270248 -2.7032258064516426   
393 1572 0.0648120115319232 1.121063913698953 -23.634586466165388 -8.4567164179104850e+00 -2.2610591900311805 -0.4761565836299144   
394 1576 0.06479947185099734 1.121063913698953 -23.634586466165388 -8.1150183150183501e+00 -3.9342756183745933 -2.8293159609120835   
395 1580 0.06478844395301545 1.121063913698953 -23.634586466165388 -1.0070270270270308e+01 -3.8845070422535573 -2.339184952978085   
396 1584 0.06477825896182916 1.121063913698953 -23.634586466165388 -7.9818181818182179e+00 -7.221602787456481 -1.7402985074627133   
397 1588 0.06476979365130575 1.121063913698953 -23.634586466165388 -1.2022222222222243e+01 -5.673015873015908 -4.240433212996425   
398 1592 0.064762526896612 1.121063913698953 -23.634586466165388 -1.1228571428571465e+01 -9.092604501607752 -8.739393939393977   
399 1596 0.06475468612779664 1.121063913698953 -23.634586466165388 -1.3690784982935146e+01 -5.184615384615421 -0.9420612813370705   
400 1600 0.06474701808880397 1.121063913698953 -23.634586466165388 -1.1001413427561873e+01 -7.041379310344862 -4.188489208633129   
401 1604 0.06474136022063383 1.121063913698953 -23.634586466165388 -7.0413793103448636e+00 -4.781273408239736 -3.593103448275897   
402 1608 0.06473697576489872 1.121063913698953 -23.634586466165388 -1.4275524475524513e+01 -3.83508771929828 -2.7449838187702578   
403 1612 0.06473396948047247 1.121063913698953 -23.634586466165388 -7.5304964539007440e+00 -3.83508771929828 -3.83508771929828   
404 1616 0.06473079578814449 1.121063913698953 -23.634586466165388 -9.3312500000000362e+00 -8.491588785046764 -7.593594306049859   
405 1620 0.06472848281391363 1.121063913698953 -23.634586466165388 -5.9290322580645523e+00 -4.614814814814851 -3.7860139860140216   
406 1624 0.06472637329773072 1.121063913698953 -23.634586466165388 -1.1382733812949665e+01 -5.067175572519121 -2.1839009287925983   
407 1628 0.06472489241666517 1.121063913698953 -23.634586466165388 -9.6675496688742086e+00 -6.247368421052666 -4.345454545454573   
408 1632 0.06472285199815586 1.121063913698953 -23.634586466165388 -8.6679245283019242e+00 -4.505882352941212 -2.2223602484472336   
409 1636 0.06471958283948846 1.121063913698953 -23.634586466165388 -5.8256410256410636e+00 -4.614814814814851 -4.085714285714323   
410 1640 0.06471635024574786 1.121063913698953 -23.634586466165388 -6.0337662337662703e+00 -2.7449838187702578 -2.339184952978085   
411 1644 0.06471189068445907 1.1332790624843159 -23.634586466165388 -3.9843971631206023e+00 -3.133333333333366 -1.776047904191643   
412 1648 0.06470749913457291 1.1332790624843159 -23.634586466165388 -6.8068027210884701e+00 -5.877170418006466 -3.5931034482758935   
413 1652 0.0647030158769154 1.1332790624843159 -23.634586466165388 -8.1150183150183501e+00 -6.03376623376627 0.06486486486484577   
414 1656 0.06469831032879922 1.1332790624843159 -23.634586466165388 -4.5058823529412120e+00 -2.9578947368421358 -2.1456790123457066   
415 1660 0.06469482340332544 1.1332790624843159 -23.634586466165388 -7.1611111111111487e+00 -4.398540145985438 -1.495906432748563   
416 1664 0.06469066095541266 1.1332790624843159 -23.634586466165388 -8.1150183150183501e+00 -3.451877133105836 -2.703225806451641   
417 1668 0.0646867178048241 1.1332790624843159 -23.634586466165388 -1.1305376344086060e+01 -6.03376623376627 -5.125670498084327   
418 1672 0.06468208776014224 1.1332790624843159 -23.634586466165388 -4.5058823529412120e+00 -3.8845070422535573 -1.9580547112462283   
419 1676 0.0646778311728677 1.1332790624843159 -23.634586466165388 -3.5931034482758952e+00 -3.133333333333366 -0.5913669064748418   
420 1680 0.06467442206119278 1.1332790624843159 -23.634586466165388 -6.6350168350168719e+00 -3.545704467353985 -0.2895104895105103   
421 1684 0.06467026045355734 1.1332790624843159 -23.634586466165388 -8.8839694656488923e+00 -3.688888888888922 -3.08903654485053   
422 1688 0.06466593296701018 1.1332790624843159 -23.634586466165388 -3.0890365448505301e+00 -2.7870129870130174 -2.7449838187702578   
423 1692 0.06466093670355665 1.1332790624843159 -23.634586466165388 -7.1611111111111452e+00 -2.5388535031847437 -2.5388535031847437   
424 1696 0.06465660644518702 1.1332790624843159 -23.634586466165388 -8.8114068441065001e+00 -4.669888475836467 -4.034875444839894   
425 1700 0.0646512243370703 1.1332790624843159 -23.634586466165388 -1.3772602739726016e+01 -2.1456790123457066 -1.4959064327485612   
426 1704 0.06464505596118138 1.1332790624843159 -23.634586466165388 -7.6571428571428939e+00 -6.522408026755889 -4.345454545454581   
427 1708 0.06463762975471618 1.1332790624843159 -23.634586466165388 -1.2601302931596127e+01 -5.673015873015908 -3.451877133105836   
428 1712 0.0646299225844241 1.1332790624843159 -23.634586466165388 -7.4678445229682335e+00 -4.505882352941212 -2.661736334405174   
429 1716 0.06462352935341745 1.1332790624843159 -23.634586466165388 -8.2615384615384979e+00 -5.043902439024427 -2.458227848101295   
430 1720 0.06461731915753009 1.1332790624843159 -23.634586466165388 -8.6679245283019224e+00 -5.24401544401548 -3.133333333333366   
431 1724 0.06460891314388188 1.1332790624843159 -23.634586466165388 -5.2320987654321343e+00 -2.7870129870130174 -0.004081632653080508   
432 1728 0.06460113218342449 1.1332790624843159 -23.634586466165388 -7.3438596491228427e+00 -3.737282229965191 -0.004081632653080508   
433 1732 0.06459275048311258 1.1332790624843159 -23.634586466165388 -9.1050193050193400e+00 -3.9342756183745933 -1.8481927710843644   
434 1736 0.06458415162397815 1.1332790624843159 -23.634586466165388 -7.1010380622837737e+00 -6.466666666666704 -1.42790697674421   
435 1740 0.06457602201111688 1.1332790624843159 -23.634586466165388 -1.9211764705882292e+01 -6.9821305841924755 -5.090519877675877   
436 1744 0.06456778048407767 1.1332790624843159 -23.634586466165388 -7.9818181818182179e+00 -2.9578947368421358 -2.8293159609120835   
437 1748 0.0645591339835411 1.1332790624843159 -23.634586466165388 -1.5070758122743637e+01 -6.864846416382289 -2.5795527156549825   
438 1752 0.06454950205112901 1.1332790624843159 -23.634586466165388 -1.2104832713754684e+01 -4.560147601476052 -4.240433212996425   
439 1756 0.06453995507187961 1.1332790624843159 -23.634586466165388 -8.0481751824817884e+00 -7.28251748251752 -2.9147540983606874   
440 1760 0.06452908035372937 1.1332790624843159 -23.634586466165388 -1.4904602510460192e+01 -8.526591760299661 -6.03376623376627   
441 1764 0.06451829077921815 1.1332790624843159 -23.634586466165388 -7.0413793103448636e+00 -3.3593220338983376 -1.6694362017804405   
442 1768 0.06450825126952571 1.1332790624843159 -23.634586466165388 -8.1150183150183501e+00 -4.136917562724051 -0.18062283737026305   
443 1772 0.06449789212705066 1.1332790624843159 -23.634586466165388 -1.5070758122743715e+01 -6.864846416382287 -3.08903654485053   
444 1776 0.06448873278808409 1.1332790624843159 -23.634586466165388 -7.1010380622837737e+00 -4.398540145985438 -3.7860139860140216   
445 1780 0.06447744954243087 1.1332790624843159 -23.634586466165388 -9.4850393700787770e+00 -4.9515151515151885 -1.8845921450151328   
446 1784 0.06446756702511611 1.1332790624843159 -23.634586466165388 -3.2770889487870942e+00 -2.7870129870130174 -2.5388535031847437   
447 1788 0.06445911026238502 1.1332790624843159 -23.634586466165388 -1.4190243902438970e+01 -3.688888888888922 -2.620512820512853   
448 1792 0.06445086116730402 1.1332790624843159 -23.634586466165388 -1.2527272727272747e+01 -3.5931034482758952 -2.3786163522012873   
449 1796 0.06444144767859218 1.1332790624843159 -23.634586466165388 -9.8000000000000380e+00 -7.343859649122843 -3.737282229965191   
450 1800 0.06443244776694056 1.1332790624843159 -23.634586466165388 -1.0277815699658744e+01 -5.9290322580645505 -2.9147540983606874   
451 1804 0.06442428852017314 1.1332790624843159 -23.634586466165388 -1.1152313167259821e+01 -3.4986301369863346 -3.405442176870781   
452 1808 0.06441560799052605 1.1450300367255852 -23.634586466165388 -9.4850393700787770e+00 -7.041379310344862 -3.5931034482758952   
453 1812 0.06440664370915157 1.1450300367255852 -23.634586466165388 -9.2805194805195175e+00 -6.691891891891929 -6.356291390728513   
454 1816 0.06439706102345676 1.1450300367255852 -23.634586466165388 -7.0413793103448619e+00 -3.9342756183745933 -3.1779264214047145   
455 1820 0.06438658384912546 1.1450300367255852 -23.634586466165388 -7.7211469534050519e+00 -4.398540145985438 -3.1779264214047145   
456 1824 0.0643764021163094 1.1450300367255852 -23.634586466165388 -7.1010380622837737e+00 -2.0324159021407002 0.06486486486484577   
457 1828 0.0643669006711328 1.1450300367255852 -23.634586466165388 -1.0418556701030964e+01 -3.405442176870781 0.6761904761904592   
458 1832 0.06435730944836633 1.1450300367255852 -23.634586466165388 -6.9232876712329130e+00 -4.560147601476052 -2.9147540983606874   
459 1836 0.06434640881550623 1.1450300367255852 -23.634586466165388 -7.4056338028169382e+00 -1.067605633802839 0.6458598726114474   
460 1840 0.06433602528654694 1.1450300367255852 -23.634586466165388 -8.3185185185185535e+00 -2.5795527156549825 -0.18062283737026305   
461 1844 0.0643258281725033 1.1450300367255852 -23.634586466165388 -1.4021453287197215e+01 -6.466666666666704 -0.07397260273974487   
462 1848 0.06431700518392501 1.1450300367255852 -23.634586466165388 -1.0561245674740521e+01 -5.279876160990749 -4.034875444839894   
463 1852 0.06430858000193405 1.1450300367255852 -23.634586466165388 -1.3993548387096721e+01 -6.749152542372917 -5.376323987538976   
464 1856 0.06429950554038381 1.1450300367255852 -23.634586466165388 -6.3289256198347452e+00 0.19999999999998122 0.5536977491961246   
465 1860 0.06429153176644856 1.1450300367255852 -23.634586466165388 -1.2188059701492561e+01 -3.4986301369863346 -3.4518771331058344   
466 1864 0.06428380690641977 1.1450300367255852 -23.634586466165388 -5.1374233128834721e+00 -4.085714285714323 -3.2680134680135016   
467 1868 0.06427689138203842 1.1450300367255852 -23.634586466165388 -9.6019801980198380e+00 -6.635016835016872 -6.466666666666704   
468 1872 0.06426994586549516 1.1450300367255852 -23.634586466165388 -1.4275524475524502e+01 -10.926760563380311 -3.1779264214047145   
469 1876 0.06426369170608343 1.1450300367255852 -23.634586466165388 -7.7211469534050536e+00 -3.0450331125828134 -0.2895104895105103   
470 1880 0.06425831912324512 1.1450300367255852 -23.634586466165388 -8.6679245283019242e+00 -3.737282229965191 -2.7870129870130174   
471 1884 0.06425245762512422 1.1450300367255852 -23.634586466165388 -8.8114068441065001e+00 -4.334883720930268 -3.9342756183745933   
472 1888 0.06424844126628089 1.1450300367255852 -23.634586466165388 -6.5785234899329215e+00 -4.136917562724051 -3.3593220338983376   
473 1892 0.0642421096534538 1.1450300367255852 -23.634586466165388 -9.5628458498024074e+00 -4.951515151515187 -3.545704467353985   
474 1896 0.06423601523450664 1.1450300367255852 -23.634586466165388 -8.9570881226054002e+00 -3.451877133105836 -2.2610591900311805   
475 1900 0.0642283936182597 1.1450300367255852 -23.634586466165388 -7.2216027874564812e+00 -4.034875444839894 -2.1456790123457066   
476 1904 0.06422247293065886 1.1450300367255852 -23.634586466165388 -7.7640718562874618e+00 -4.614814814814851 -3.6408304498270248   
477 1908 0.0642180131219971 1.1450300367255852 -23.634586466165388 -7.1611111111111487e+00 -6.522408026755889 -2.418296529968483   
478 1912 0.06421388557484678 1.1450300367255852 -23.634586466165388 -7.9159420289855440e+00 -3.9843971631206023 -2.661736334405174   
479 1916 0.06421127639566243 1.1450300367255852 -23.634586466165388 -9.4850393700787770e+00 -4.781273408239736 -3.593103448275897   
480 1920 0.0642089993515483 1.1450300367255852 -23.634586466165388 -9.7335548172757829e+00 -5.425000000000036 -4.781273408239736   
481 1924 0.06420969442842053 1.1450300367255852 -23.634586466165388 -9.3439739413681142e+00 -4.2927536231884424 -3.133333333333366   
482 1928 0.06421050554816662 1.1450300367255852 -23.634586466165388 -9.8000000000000380e+00 -3.9342756183745933 -2.9147540983606874   
483 1932 0.06421119556507053 1.1450300367255852 -23.634586466165388 -3.9843971631206023e+00 -2.1839009287925983 -1.9580547112462283   
484 1936 0.06421363500744502 1.1450300367255852 -23.634586466165388 -8.3873605947955756e+00 -7.221602787456481 -2.418296529968483   
485 1940 0.0642153911568578 1.1450300367255852 -23.634586466165388 -6.7491525423729168e+00 -3.2228187919463416 -3.001320132013233   
486 1944 0.06421597415641657 1.1450300367255852 -23.634586466165388 -1.2902310231023131e+01 -4.250867052023159 -2.7449838187702578   
487 1948 0.06421730829749148 1.1450300367255852 -23.634586466165388 -8.0926829268293048e+00 -4.034875444839894 -3.1779264214047145   
488 1952 0.06421716231853063 1.1450300367255852 -23.634586466165388 -9.8803212851405995e+00 -2.661736334405174 -0.43829787234044626   
489 1956 0.06421498311025355 1.1450300367255852 -23.634586466165388 -7.2216027874564812e+00 -4.725373134328395 -3.2228187919463416   
490 1960 0.06421164183188546 1.1450300367255852 -23.634586466165388 -1.4275524475524442e+01 -3.737282229965191 -2.2610591900311805   
