1.090300616351041 
1.0824845777070227 
1.0641646479772142 
1.0858882308006286 
1.0652394173559079 
1.0575401875598371 
1.0421122709581674 
1.0634526323681035 
1.067894357689156 
1.0446023548930143 
1.0847508375309716 
1.1047129000514007 
1.0789904782594728 
1.0795172706123226 
1.0704395213402993 
1.0723730101073083 
1.0581482292206819 
1.065695259196699 
1.058727051403897 
1.0488080353776286 
1.0806910771968936 
1.0750767204387128 
1.1122226704250682 
1.0479172403162176 
1.0840587342080992 
1.07211891422587 
1.051608436757868 
1.0644682501958422 
1.0502337920764262 
1.0532789195864654 
1.0754127862039677 
1.027400907504657 
1.0578840512874699 
1.0645099932497197 
1.066937008278429 
1.0681386668820025 
1.1004795230124607 
1.0575494167233301 
1.025789700460828 
1.0707465465403785 
1.0535552994278836 
1.0457666261137024 
1.0716855531881664 
1.0482457091985655 
1.038117750321538 
1.0381452641211266 
1.0600872324517936 
1.0796337568070278 
1.0610522454435176 
1.068463530126682 
1.027457448372171 
1.052463826167682 
1.0773345411316422 
1.0633522514469367 
1.0617665696735223 
1.092510479343824 
1.0494611486915715 
1.0374899664201027 
1.0626960201696916 
1.0548528176693877 
1.068153756216538 
1.056992749438798 
1.028816618111508 
1.0527309213788056 
1.0411902871998873 
1.0405638856336106 
1.025888779636257 
1.0433885650201278 
1.0511078666064364 
1.0237652984532444 
1.0740230278535323 
1.0910659475760027 
1.066861655889464 
1.0698562811228856 
1.0555326653906136 
1.057906777799622 
1.0472032501677837 
1.0580380925462265 
1.0445278975589216 
1.0381707841699774 
1.0728114572438328 
1.0622731374314993 
1.1093580279468505 
1.0425294317489813 
1.0803672515656337 
1.0648799897225436 
1.0477058761375995 
1.062283112786033 
1.045182446605903 
1.0445586176943187 
1.0689655935468751 
1.0236724321507225 
1.0532427701083096 
1.063125693601025 
1.0648053888447029 
1.0668605668485658 
1.0992197102751613 
1.055561102717376 
1.0242425502824388 
1.0678039772451418 
