116.89810975646972 
52.80843726348877 
43.02721825154622 
35.98897005271912 
32.02040719909668 
30.704671474456788 
28.649364953177315 
27.954105270385742 
27.237137699551052 
26.632682498168947 
26.315364753723145 
25.71483809407552 
25.704330243037298 
25.565249687194825 
25.407819266255697 
25.1046271276474 
24.889732060151943 
24.95106905492147 
24.678922798156737 
24.3737456325531 
24.287584543137324 
24.320331576260653 
24.2610198447186 
24.327085243860882 
24.28226252746582 
24.111573913269044 
21.63273698425293 
20.452851791381836 
21.559645253499347 
22.113829904556276 
21.469643795776367 
21.746704360961914 
21.312622220720563 
21.53447925758362 
21.533623035854763 
21.616325187683106 
21.46510972595215 
21.314391499201456 
21.553765367948092 
21.734735372815813 
21.892971625264487 
21.78718460559845 
21.88559381462546 
21.971361977471247 
21.93233567729749 
21.860000128173827 
21.888570926484608 
22.007370840246026 
22.082608257127845 
22.214636907895407 
22.297269490966798 
22.306557719726563 
20.39269538116455 
19.131969257354736 
20.118698468526205 
20.538960290908815 
20.466655793762207 
20.587822902679445 
20.360997002737864 
20.471097412109376 
20.529292911105685 
20.62245849609375 
20.747905733281915 
20.60478415807088 
20.85696818483793 
21.046668021065848 
21.19699984995524 
21.142459740161897 
21.25208375683953 
21.363966712527805 
21.346458302949603 
21.300469676589966 
21.340333732604982 
21.476417382326993 
21.610604311072308 
21.738273040135702 
21.863617460021974 
21.91367254272461 
20.19407452392578 
19.010132583618166 
19.90266285451253 
20.253805194854735 
20.205732444763182 
20.36977356974284 
20.163022350856235 
20.26264012336731 
20.315457396613226 
20.41822597808838 
20.579730474992232 
20.480780729293823 
20.71269129415659 
20.916278552464078 
21.067911042277018 
21.0159466176033 
21.161858959422393 
21.239580154842802 
21.254494944522257 
21.225523413085938 
21.285651563371932 
21.421949841239236 
21.55259990028713 
21.700965050538382 
21.843148319396974 
21.940066037597656 
19.917250946044923 
19.01896350479126 
19.892889704386395 
20.303144526481628 
20.24566891555786 
